1 410 290
2 375 280
3 335 270
4 305 235
5 275 180
6 335 160
7 375 160
8 360 110
9 315 100
10 290 110
11 310 130
12 260 165
13 220 155
14 215 105
15 225 80
16 200 70
17 150 85
18 130 110
19 190 105
20 195 155
21 140 200
22 130 180
23 105 155
24 65 155
25 40 185
26 50 220
27 70 250
28 110 255
29 130 240
30 130 285
31 170 280
32 205 260
33 250 220
34 245 265
35 215 295
36 175 310
37 280 310
38 305 320
39 295 345
40 245 380
41 80 425
42 220 435
43 320 420
44 390 410
45 485 440
46 580 440
47 660 435
48 765 410
49 685 390
50 645 335
51 745 280
52 770 250
53 805 180
54 770 95
55 715 50
56 625 30
57 540 30
58 475 60
59 420 115
60 380 180
61 370 250
62 490 320
63 550 325
64 630 280
65 660 205
66 625 150
67 565 130
68 500 150
69 475 190
70 500 235
71 560 230
72 575 205
73 555 190
74 530 200